A = [-0.12 11 0 0; -11 0.12 0 0; 0 0 -0.12 11; 0 0 -11 -0.12]
B = [-9.4e+04; -7.3; 7.7e+02; 1e+01]
C = [0.0          0.0      6.9e-07     -2.5e-05]
D = -1.0
% step(ss(A,B,C,D))